0 0 00 00000000000000000001111 00001
0 0 10 00000000000000000000000 00010

0 0 01 00100 00001 00010 00000000 00001
0 0 00 11111111111111111111111 00010

0 0 00 00000000000000000000001 00011
0 0 00 11111111111111111111111 00100
0 0 00 00000000000000000010111 00101
0 0 00 00000000000000000000001 00110
0 0 00 00000000000000000000000 00111

0 0 01 00000 00010 00011 00000000 00010
0 0 01 00000 00100 00011 00000000 00100
0 0 01 00001 00110 00011 00000000 00110
0 0 01 00111 00110 00001 00000000 01000

0 1 00 11110 00101 00100 00000011 00000

0 1 00 11110 00111 01000 11111011 00000

0 1 00 11110 00100 00101 11111011 00000

0 0 00 00000000000000000000001 00110
0 0 01 00111 00110 00001 00000000 01000
0 1 00 11110 00111 01000 00000010 00000

1 0 00 00000 00010 00000 00000000 00000

0 0 01 00000 00010 00011 00000000 00010
1 0 00 00000 00010 00000 00000000 00000
